# PGM       : FAST
# Author    : Chuntao Chang
# Inf       : Carrier-to-Noise Ratio [dBHz]
# Time      : 2025-06-01 19:45:03
#             END OF HEADER

+SYS
    gSys   AVE   MIN   MAX
--------------------------
       C  38.9  18.0  53.4
       G  37.8   1.8  57.7
--------------------------
+SYS

+SAT
 prnFreq   AVE   MIN   MAX
--------------------------
 C02_S2I  41.7  40.2  42.9
 C02_S7I  46.2  44.6  47.4
 C02_S6I  34.4  33.3  35.5
 C03_S7I  31.4  29.5  33.3
 C03_S2I  30.9  29.6  32.1
 C05_S2I  46.4  45.2  47.2
 C05_S7I  48.3  46.7  49.1
 C05_S6I  38.2  37.4  39.0
 C06_S2I  35.5  24.3  43.9
 C06_S7I  38.5  24.9  45.0
 C06_S6I  28.5  20.5  34.4
 C07_S2I  35.6  18.5  43.7
 C07_S7I  39.0  20.3  45.5
 C07_S6I  29.6  20.3  35.3
 C08_S7I  39.5  27.5  46.9
 C08_S2I  35.7  21.4  44.3
 C08_S6I  29.1  20.9  36.3
 C09_S2I  38.5  22.3  46.5
 C09_S7I  41.8  20.8  47.9
 C09_S6I  31.2  21.0  36.2
 C10_S2I  38.1  23.2  45.1
 C10_S7I  40.5  24.5  47.1
 C10_S6I  31.4  19.9  36.4
 C13_S2I  40.1  24.8  47.6
 C13_S7I  40.0  21.5  47.2
 C13_S6I  30.9  19.4  37.8
 C16_S2I  36.5  26.2  45.8
 C16_S7I  37.0  27.9  44.6
 C16_S6I  25.7  19.3  32.7
 C20_S1P  38.9  18.3  49.8
 C20_S5P  33.3  18.5  41.0
 C20_S2I  40.7  19.2  51.1
 C20_S6I  33.1  18.1  41.1
 C20_S7D  42.9  31.5  49.9
 C23_S1P  42.4  22.5  50.1
 C23_S5P  36.3  18.5  42.9
 C23_S2I  43.8  24.8  51.2
 C23_S6I  36.1  18.3  43.1
 C23_S7D  45.0  29.1  51.0
 C27_S1P  41.4  26.0  50.8
 C27_S5P  33.8  20.5  42.7
 C27_S2I  43.7  26.4  52.7
 C27_S6I  34.1  20.8  43.4
 C27_S7D  42.6  30.2  51.5
 C28_S1P  41.9  26.4  50.4
 C28_S5P  34.2  20.1  42.2
 C28_S2I  44.2  28.9  52.8
 C28_S6I  34.8  19.0  43.1
 C28_S7D  43.3  30.9  51.4
 C30_S1P  42.3  19.6  50.7
 C30_S5P  35.7  18.9  42.2
 C30_S2I  44.5  20.0  52.6
 C30_S6I  36.2  19.0  43.1
 C30_S7D  44.8  29.8  51.6
 C32_S1P  37.3  23.7  45.9
 C32_S5P  31.4  20.6  38.1
 C32_S2I  38.5  24.1  46.8
 C32_S6I  31.0  19.8  38.3
 C32_S7D  39.7  29.6  46.5
 C37_S1P  42.5  26.3  50.0
 C37_S5P  36.3  18.7  42.3
 C37_S2I  43.5  25.4  51.2
 C37_S6I  36.1  24.0  42.5
 C37_S7D  44.2  30.3  50.7
 C38_S1P  34.7  19.7  44.5
 C38_S2I  36.3  20.5  46.2
 C38_S7D  37.5  30.1  45.1
 C38_S6I  28.0  18.6  36.5
 C38_S5P  28.5  20.0  36.6
 C39_S1P  34.3  20.7  43.9
 C39_S5P  29.5  20.3  35.1
 C39_S2I  35.5  19.0  44.8
 C39_S6I  29.2  19.6  35.4
 C39_S7D  36.6  30.2  44.0
 C40_S1P  34.7  21.2  44.0
 C40_S2I  35.7  19.5  45.5
 C40_S7D  36.6  29.9  44.3
 C40_S6I  31.5  23.8  36.1
 C40_S5P  31.7  25.1  35.8
 C47_S1P  43.1  26.9  48.9
 C47_S2I  44.9  23.7  51.0
 C47_S6I  36.7  21.3  42.4
 C47_S7D  44.8  30.6  50.8
 C47_S5P  36.4  22.3  41.8
 C48_S1P  40.3  18.6  49.4
 C48_S5P  34.8  18.8  42.0
 C48_S2I  41.5  18.6  51.1
 C48_S6I  35.6  18.6  43.0
 C48_S7D  44.1  30.3  50.9
 C49_S1P  45.1  24.0  50.4
 C49_S5P  37.6  21.5  42.8
 C49_S2I  46.8  26.9  52.2
 C49_S6I  38.1  20.5  44.1
 C49_S7D  46.6  32.0  51.9
 C56_S2I  41.6  23.9  47.9
 C56_S6I  31.8  20.0  37.2
 C60_S2I  47.5  46.0  48.7
 C60_S6I  38.7  37.0  39.8
 C60_S7D  48.5  47.5  49.3
 C36_S2I  40.7  21.3  52.5
 C36_S1P  39.0  20.6  50.8
 C36_S7D  42.9  29.7  52.5
 C36_S5P  35.5  20.2  44.0
 C36_S6I  35.5  20.0  43.8
 C29_S2I  45.4  31.2  50.2
 C29_S1P  43.2  30.7  48.2
 C29_S7D  44.6  31.7  48.7
 C29_S5P  35.8  24.5  39.6
 C29_S6I  36.4  23.7  40.4
 C58_S2I  40.0  36.9  44.6
 C58_S6I  31.1  28.6  35.9
 C45_S1P  39.5  19.1  47.9
 C45_S2I  40.7  18.2  49.0
 C45_S7D  41.8  29.2  49.1
 C45_S5P  34.0  19.3  41.3
 C45_S6I  33.4  18.8  40.8
 C19_S2I  44.2  22.2  52.5
 C19_S7D  45.0  30.0  52.2
 C19_S6I  38.1  26.1  43.8
 C19_S1P  43.3  23.9  50.8
 C19_S5P  37.8  25.8  43.4
 C35_S2I  44.5  23.1  52.5
 C35_S1P  43.3  28.2  50.6
 C35_S7D  44.3  30.9  50.8
 C35_S6I  37.0  19.9  42.6
 C35_S5P  35.9  21.3  41.2
 C26_S1P  37.7  18.6  50.1
 C26_S2I  38.7  18.5  51.5
 C26_S7D  42.9  29.9  50.4
 C26_S6I  32.1  19.6  42.0
 C26_S5P  31.8  18.7  40.8
 C22_S2I  44.1  21.1  53.1
 C22_S1P  42.3  20.8  51.8
 C22_S7D  45.1  31.1  52.8
 C22_S6I  35.6  19.2  43.4
 C22_S5P  35.6  18.0  43.4
 C44_S2I  41.6  21.5  52.6
 C44_S1P  39.8  21.5  51.0
 C44_S7D  42.9  29.7  52.2
 C44_S5P  36.4  19.3  42.9
 C44_S6I  36.5  21.2  43.1
 C21_S2I  45.2  28.4  49.9
 C21_S1P  43.6  30.2  48.4
 C21_S7D  44.7  31.6  49.6
 C21_S6I  36.5  22.6  41.1
 C21_S5P  36.3  23.0  40.9
 C50_S2I  44.9  28.0  50.5
 C50_S7D  45.2  31.9  50.5
 C50_S1P  43.2  30.2  48.6
 C50_S6I  36.8  23.5  41.7
 C50_S5P  36.3  23.0  41.1
 C12_S7I  43.2  24.1  52.4
 C12_S2I  38.2  19.0  48.7
 C12_S6I  33.6  18.3  42.5
 C34_S1P  39.3  19.0  48.2
 C34_S2I  40.9  18.4  49.6
 C34_S7D  41.3  30.5  48.7
 C34_S5P  33.0  19.9  39.8
 C34_S6I  32.9  18.5  39.6
 C42_S2I  44.8  28.9  51.0
 C42_S7D  45.3  31.6  52.1
 C42_S1P  44.0  24.7  50.4
 C42_S5P  37.0  23.9  43.0
 C42_S6I  37.1  23.5  43.5
 C11_S2I  39.7  18.4  48.0
 C11_S7I  42.7  19.6  50.6
 C11_S6I  34.1  21.0  40.6
 C43_S2I  39.8  18.4  50.9
 C43_S1P  38.4  18.4  49.0
 C43_S7D  42.9  31.4  50.3
 C43_S6I  34.1  18.1  42.1
 C43_S5P  34.2  19.7  41.1
 C24_S1P  43.2  18.8  51.9
 C24_S2I  44.4  20.2  53.0
 C24_S7D  45.6  30.2  53.2
 C24_S6I  36.8  20.9  44.1
 C24_S5P  37.6  20.0  44.6
 C14_S2I  44.3  29.9  50.3
 C14_S7I  47.9  28.7  53.4
 C14_S6I  37.9  23.3  43.7
 C25_S1P  44.7  31.7  50.1
 C25_S2I  46.5  32.6  51.3
 C25_S7D  46.0  34.2  50.7
 C25_S6I  37.8  29.1  42.8
 C25_S5P  37.1  28.6  41.6
 C33_S2I  46.1  27.3  52.7
 C33_S1P  45.0  24.7  51.7
 C33_S7D  47.2  33.9  53.1
 C33_S5P  38.6  24.2  44.5
 C33_S6I  38.5  22.8  44.0
 C41_S2I  43.6  19.0  51.9
 C41_S1P  42.5  19.8  50.5
 C41_S7D  45.7  29.8  52.1
 C41_S5P  36.6  19.8  43.3
 C41_S6I  36.9  19.4  43.5
 G04_S1C  38.2  20.1  45.2
 G04_S1W  23.3   4.1  33.7
 G04_S2W  23.3   4.1  33.7
 G04_S2L  38.9  19.4  45.3
 G04_S5Q  33.6  19.2  39.3
 G04_S1L  39.0  20.1  46.1
 G08_S1C  42.0  18.8  48.7
 G08_S1W  41.1  11.9  51.2
 G08_S2W  41.1  11.9  51.2
 G08_S2L  41.1  21.4  47.2
 G08_S5Q  37.4  21.2  42.9
 G09_S1C  38.4  19.3  48.8
 G09_S1W  35.8  11.4  52.3
 G09_S2W  35.8  11.4  52.3
 G09_S2L  37.7  18.0  46.7
 G09_S5Q  34.4  18.9  42.6
 G16_S1C  42.6  21.1  48.5
 G16_S1W  29.2   3.2  38.6
 G16_S2W  29.2   3.2  38.6
 G18_S1C  37.6  18.9  47.7
 G18_S1W  22.6   2.0  39.2
 G18_S2W  22.6   2.0  39.2
 G18_S2L  38.3  19.8  47.5
 G18_S5Q  33.9  20.9  42.2
 G18_S1L  37.9  20.2  47.9
 G21_S1C  40.1  19.8  47.2
 G21_S1W  29.7   3.6  43.3
 G21_S2W  29.7   3.6  43.3
 G26_S1C  42.2  23.4  47.6
 G26_S1W  40.3  13.2  49.8
 G26_S2W  40.3  13.2  49.8
 G26_S2L  41.2  23.2  46.7
 G26_S5Q  37.9  22.9  43.4
 G27_S1C  42.6  22.7  50.8
 G27_S1W  43.3  10.7  56.1
 G27_S2W  43.3  10.7  56.1
 G27_S2L  41.4  19.6  48.6
 G27_S5Q  39.1  29.2  45.2
 G28_S1C  42.7  26.2  48.7
 G28_S1W  31.1   8.9  41.8
 G28_S2W  31.1   8.9  41.8
 G28_S2L  43.3  30.8  48.9
 G28_S5Q  37.9  26.2  43.2
 G28_S1L  43.0  27.8  48.8
 G31_S1C  44.0  24.0  49.9
 G31_S1W  41.5  11.1  53.2
 G31_S2W  41.5  11.1  53.2
 G31_S2L  41.9  27.0  48.2
 G10_S1C  39.1  18.9  51.2
 G10_S1W  36.4   8.4  54.9
 G10_S2W  36.4   8.4  54.9
 G10_S2L  37.4  19.9  48.0
 G10_S5Q  35.2  20.5  43.8
 G02_S1C  42.9  24.2  49.9
 G02_S1W  32.5   5.3  46.0
 G02_S2W  32.5   5.3  46.0
 G07_S1C  38.1  19.1  48.1
 G07_S1W  31.6   4.3  48.6
 G07_S2W  31.6   4.3  48.6
 G07_S2L  36.1  19.0  45.3
 G01_S1C  42.7  18.8  50.8
 G01_S2L  43.9  24.3  53.0
 G01_S1W  32.5   4.3  48.0
 G01_S2W  32.5   4.3  48.0
 G01_S1L  42.9  19.1  51.2
 G01_S5Q  38.6  22.6  47.4
 G30_S1C  38.2  18.7  45.6
 G30_S1W  33.7   6.5  45.3
 G30_S2W  33.7   6.5  45.3
 G30_S2L  36.4  19.3  43.2
 G30_S5Q  34.3  19.8  40.4
 G03_S1C  43.2  20.0  50.6
 G03_S1W  42.3  14.5  55.3
 G03_S2W  42.3  14.5  55.3
 G03_S2L  41.6  23.1  48.5
 G03_S5Q  38.6  21.8  44.8
 G14_S1C  39.6  22.3  48.8
 G14_S5Q  36.2  20.4  44.9
 G14_S1L  40.1  22.6  49.3
 G14_S1W  27.0   2.2  44.2
 G14_S2W  27.0   2.2  44.2
 G14_S2L  40.8  22.8  50.6
 G17_S1C  44.3  26.2  50.9
 G17_S2L  42.3  21.6  49.3
 G17_S1W  42.8  10.8  55.2
 G17_S2W  42.8  10.8  55.2
 G22_S1C  38.4  20.7  50.3
 G22_S1W  23.4   1.8  43.0
 G22_S2W  23.4   1.8  43.0
 G06_S1C  42.5  27.0  49.3
 G06_S1W  41.7  19.6  53.0
 G06_S2W  41.7  19.6  53.0
 G06_S2L  42.6  30.1  48.6
 G06_S5Q  37.8  22.0  43.0
 G19_S1C  44.0  22.7  51.3
 G19_S1W  34.8   4.1  49.1
 G19_S2W  34.8   4.1  49.1
 G20_S1C  42.8  30.4  48.9
 G20_S1W  29.3   8.5  39.0
 G20_S2W  29.3   8.5  39.0
 G11_S1C  43.9  26.6  50.2
 G11_S1L  44.1  26.9  50.2
 G11_S1W  32.9   2.4  45.8
 G11_S2W  32.9   2.4  45.8
 G11_S2L  44.3  26.1  51.7
 G11_S5Q  39.2  22.6  45.8
 G05_S1C  43.2  26.6  49.9
 G05_S2L  41.0  22.3  46.8
 G05_S1W  40.4  16.4  51.6
 G05_S2W  40.4  16.4  51.6
 G13_S1C  42.5  24.8  50.0
 G13_S1W  29.9   2.8  44.1
 G13_S2W  29.9   2.8  44.1
 G15_S1C  43.3  28.5  48.1
 G15_S1W  39.9  14.9  47.8
 G15_S2W  39.9  14.9  47.8
 G15_S2L  40.5  24.1  45.1
 G29_S1C  39.2  19.6  48.1
 G29_S1W  34.0   8.5  48.7
 G29_S2W  34.0   8.5  48.7
 G29_S2L  36.9  22.1  44.9
 G24_S1C  41.8  21.1  50.9
 G24_S1W  42.7   4.3  56.7
 G24_S2W  42.7   4.3  56.7
 G24_S2L  40.9  20.0  49.2
 G24_S5Q  38.4  19.1  45.6
 G12_S1C  43.0  24.7  49.3
 G12_S1W  39.3   6.1  51.3
 G12_S2W  39.3   6.1  51.3
 G12_S2L  40.1  20.4  46.1
 G23_S1C  43.5  20.8  50.0
 G23_S5Q  39.2  24.6  47.2
 G23_S1L  43.9  22.8  50.4
 G23_S1W  33.6   8.8  47.2
 G23_S2W  33.6   8.8  47.2
 G23_S2L  44.7  31.0  52.6
 G25_S1C  42.9  23.9  50.0
 G25_S1W  41.0   7.2  54.2
 G25_S2W  41.0   7.2  54.2
 G25_S2L  40.6  22.8  47.8
 G25_S5Q  38.5  20.2  44.5
 G32_S1C  45.8  27.0  53.2
 G32_S1W  45.4  10.1  57.7
 G32_S2W  45.4  10.1  57.7
 G32_S2L  43.3  28.4  50.1
 G32_S5Q  37.7  22.5  43.9
--------------------------
-SAT
