# PGM       : FAST
# Author    : Chuntao Chang
# Inf       : Carrier-to-Noise Ratio [dBHz]
# Time      : 2025-05-05 15:49:29
#             END OF HEADER

+SYS
    gSys   AVE   MIN   MAX
--------------------------
       C  38.9  18.0  53.4
       E  39.2  18.0  55.1
       G  37.8   1.8  57.7
       J  32.9  19.6  38.8
       R  40.7  17.8  52.7
--------------------------
+SYS

+SAT
 prnFreq   AVE   MIN   MAX
--------------------------
 C02_S2I  41.7  40.2  42.9
 C02_S7I  46.2  44.6  47.4
 C02_S6I  34.4  33.3  35.5
 C03_S7I  31.4  29.5  33.3
 C03_S2I  30.9  29.6  32.1
 C05_S2I  46.4  45.2  47.2
 C05_S7I  48.3  46.7  49.1
 C05_S6I  38.2  37.4  39.0
 C06_S2I  35.5  24.3  43.9
 C06_S7I  38.5  24.9  45.0
 C06_S6I  28.5  20.5  34.4
 C07_S2I  35.6  18.5  43.7
 C07_S7I  39.0  20.3  45.5
 C07_S6I  29.6  20.3  35.3
 C08_S7I  39.5  27.5  46.9
 C08_S2I  35.7  21.4  44.3
 C08_S6I  29.1  20.9  36.3
 C09_S2I  38.5  22.3  46.5
 C09_S7I  41.8  20.8  47.9
 C09_S6I  31.2  21.0  36.2
 C10_S2I  38.1  23.2  45.1
 C10_S7I  40.5  24.5  47.1
 C10_S6I  31.4  19.9  36.4
 C13_S2I  40.1  24.8  47.6
 C13_S7I  40.0  21.5  47.2
 C13_S6I  30.9  19.4  37.8
 C16_S2I  36.5  26.2  45.8
 C16_S7I  37.0  27.9  44.6
 C16_S6I  25.7  19.3  32.7
 C20_S1P  38.9  18.3  49.8
 C20_S5P  33.3  18.5  41.0
 C20_S2I  40.7  19.2  51.1
 C20_S6I  33.1  18.1  41.1
 C20_S7D  42.9  31.5  49.9
 C23_S1P  42.4  22.5  50.1
 C23_S5P  36.3  18.5  42.9
 C23_S2I  43.8  24.8  51.2
 C23_S6I  36.1  18.3  43.1
 C23_S7D  45.0  29.1  51.0
 C27_S1P  41.4  26.0  50.8
 C27_S5P  33.8  20.5  42.7
 C27_S2I  43.7  26.4  52.7
 C27_S6I  34.1  20.8  43.4
 C27_S7D  42.6  30.2  51.5
 C28_S1P  41.9  26.4  50.4
 C28_S5P  34.2  20.1  42.2
 C28_S2I  44.2  28.9  52.8
 C28_S6I  34.8  19.0  43.1
 C28_S7D  43.3  30.9  51.4
 C30_S1P  42.3  19.6  50.7
 C30_S5P  35.7  18.9  42.2
 C30_S2I  44.5  20.0  52.6
 C30_S6I  36.2  19.0  43.1
 C30_S7D  44.8  29.8  51.6
 C32_S1P  37.3  23.7  45.9
 C32_S5P  31.4  20.6  38.1
 C32_S2I  38.5  24.1  46.8
 C32_S6I  31.0  19.8  38.3
 C32_S7D  39.7  29.6  46.5
 C37_S1P  42.5  26.3  50.0
 C37_S5P  36.3  18.7  42.3
 C37_S2I  43.5  25.4  51.2
 C37_S6I  36.1  24.0  42.5
 C37_S7D  44.2  30.3  50.7
 C38_S1P  34.7  19.7  44.5
 C38_S2I  36.3  20.5  46.2
 C38_S7D  37.5  30.1  45.1
 C38_S6I  28.0  18.6  36.5
 C38_S5P  28.5  20.0  36.6
 C39_S1P  34.3  20.7  43.9
 C39_S5P  29.5  20.3  35.1
 C39_S2I  35.5  19.0  44.8
 C39_S6I  29.2  19.6  35.4
 C39_S7D  36.6  30.2  44.0
 C40_S1P  34.7  21.2  44.0
 C40_S2I  35.7  19.5  45.5
 C40_S7D  36.6  29.9  44.3
 C40_S6I  31.5  23.8  36.1
 C40_S5P  31.7  25.1  35.8
 C47_S1P  43.1  26.9  48.9
 C47_S2I  44.9  23.7  51.0
 C47_S6I  36.7  21.3  42.4
 C47_S7D  44.8  30.6  50.8
 C47_S5P  36.4  22.3  41.8
 C48_S1P  40.3  18.6  49.4
 C48_S5P  34.8  18.8  42.0
 C48_S2I  41.5  18.6  51.1
 C48_S6I  35.6  18.6  43.0
 C48_S7D  44.1  30.3  50.9
 C49_S1P  45.1  24.0  50.4
 C49_S5P  37.6  21.5  42.8
 C49_S2I  46.8  26.9  52.2
 C49_S6I  38.1  20.5  44.1
 C49_S7D  46.6  32.0  51.9
 C56_S2I  41.6  23.9  47.9
 C56_S6I  31.8  20.0  37.2
 C60_S2I  47.5  46.0  48.7
 C60_S6I  38.7  37.0  39.8
 C60_S7D  48.5  47.5  49.3
 C36_S2I  40.7  21.3  52.5
 C36_S1P  39.0  20.6  50.8
 C36_S7D  42.9  29.7  52.5
 C36_S5P  35.5  20.2  44.0
 C36_S6I  35.5  20.0  43.8
 C29_S2I  45.4  31.2  50.2
 C29_S1P  43.2  30.7  48.2
 C29_S7D  44.6  31.7  48.7
 C29_S5P  35.8  24.5  39.6
 C29_S6I  36.4  23.7  40.4
 C58_S2I  40.0  36.9  44.6
 C58_S6I  31.1  28.6  35.9
 C45_S1P  39.5  19.1  47.9
 C45_S2I  40.7  18.2  49.0
 C45_S7D  41.8  29.2  49.1
 C45_S5P  34.0  19.3  41.3
 C45_S6I  33.4  18.8  40.8
 C19_S2I  44.2  22.2  52.5
 C19_S7D  45.0  30.0  52.2
 C19_S6I  38.1  26.1  43.8
 C19_S1P  43.3  23.9  50.8
 C19_S5P  37.8  25.8  43.4
 C35_S2I  44.5  23.1  52.5
 C35_S1P  43.3  28.2  50.6
 C35_S7D  44.3  30.9  50.8
 C35_S6I  37.0  19.9  42.6
 C35_S5P  35.9  21.3  41.2
 C26_S1P  37.7  18.6  50.1
 C26_S2I  38.7  18.5  51.5
 C26_S7D  42.9  29.9  50.4
 C26_S6I  32.1  19.6  42.0
 C26_S5P  31.8  18.7  40.8
 C22_S2I  44.1  21.1  53.1
 C22_S1P  42.3  20.8  51.8
 C22_S7D  45.1  31.1  52.8
 C22_S6I  35.6  19.2  43.4
 C22_S5P  35.6  18.0  43.4
 C44_S2I  41.6  21.5  52.6
 C44_S1P  39.8  21.5  51.0
 C44_S7D  42.9  29.7  52.2
 C44_S5P  36.4  19.3  42.9
 C44_S6I  36.5  21.2  43.1
 C21_S2I  45.2  28.4  49.9
 C21_S1P  43.6  30.2  48.4
 C21_S7D  44.7  31.6  49.6
 C21_S6I  36.5  22.6  41.1
 C21_S5P  36.3  23.0  40.9
 C50_S2I  44.9  28.0  50.5
 C50_S7D  45.2  31.9  50.5
 C50_S1P  43.2  30.2  48.6
 C50_S6I  36.8  23.5  41.7
 C50_S5P  36.3  23.0  41.1
 C12_S7I  43.2  24.1  52.4
 C12_S2I  38.2  19.0  48.7
 C12_S6I  33.6  18.3  42.5
 C34_S1P  39.3  19.0  48.2
 C34_S2I  40.9  18.4  49.6
 C34_S7D  41.3  30.5  48.7
 C34_S5P  33.0  19.9  39.8
 C34_S6I  32.9  18.5  39.6
 C42_S2I  44.8  28.9  51.0
 C42_S7D  45.3  31.6  52.1
 C42_S1P  44.0  24.7  50.4
 C42_S5P  37.0  23.9  43.0
 C42_S6I  37.1  23.5  43.5
 C11_S2I  39.7  18.4  48.0
 C11_S7I  42.7  19.6  50.6
 C11_S6I  34.1  21.0  40.6
 C43_S2I  39.8  18.4  50.9
 C43_S1P  38.4  18.4  49.0
 C43_S7D  42.9  31.4  50.3
 C43_S6I  34.1  18.1  42.1
 C43_S5P  34.2  19.7  41.1
 C24_S1P  43.2  18.8  51.9
 C24_S2I  44.4  20.2  53.0
 C24_S7D  45.6  30.2  53.2
 C24_S6I  36.8  20.9  44.1
 C24_S5P  37.6  20.0  44.6
 C14_S2I  44.3  29.9  50.3
 C14_S7I  47.9  28.7  53.4
 C14_S6I  37.9  23.3  43.7
 C25_S1P  44.7  31.7  50.1
 C25_S2I  46.5  32.6  51.3
 C25_S7D  46.0  34.2  50.7
 C25_S6I  37.8  29.1  42.8
 C25_S5P  37.1  28.6  41.6
 C33_S2I  46.1  27.3  52.7
 C33_S1P  45.0  24.7  51.7
 C33_S7D  47.2  33.9  53.1
 C33_S5P  38.6  24.2  44.5
 C33_S6I  38.5  22.8  44.0
 C41_S2I  43.6  19.0  51.9
 C41_S1P  42.5  19.8  50.5
 C41_S7D  45.7  29.8  52.1
 C41_S5P  36.6  19.8  43.3
 C41_S6I  36.9  19.4  43.5
 E04_S1C  33.2  19.2  42.2
 E04_S6C  24.1  18.8  31.0
 E04_S5Q  29.7  19.4  37.0
 E04_S7Q  37.0  18.5  46.2
 E04_S8Q  39.2  28.2  45.8
 E05_S1C  39.6  18.3  49.9
 E05_S5Q  33.7  18.9  42.4
 E05_S7Q  42.1  19.5  52.1
 E05_S8Q  43.0  25.2  51.7
 E05_S6C  30.9  18.2  37.5
 E06_S1C  36.2  20.8  45.3
 E06_S6C  25.6  18.0  33.7
 E06_S5Q  30.1  19.2  39.2
 E06_S7Q  39.0  25.2  48.7
 E06_S8Q  40.7  27.4  48.3
 E09_S1C  39.1  18.9  47.3
 E09_S6C  27.7  18.0  34.4
 E09_S5Q  33.1  18.8  39.2
 E09_S7Q  41.0  20.8  49.0
 E09_S8Q  42.9  23.9  48.6
 E10_S1C  41.7  19.4  50.5
 E10_S5Q  36.2  18.8  43.6
 E10_S7Q  44.5  19.8  52.9
 E10_S8Q  44.8  24.2  52.6
 E10_S6C  31.7  18.6  38.7
 E12_S1C  39.8  22.5  46.2
 E12_S5Q  34.1  19.7  39.8
 E12_S7Q  42.4  21.1  49.7
 E12_S8Q  42.5  24.9  49.1
 E12_S6C  30.6  18.8  35.6
 E14_S1C  43.5  26.5  52.3
 E14_S6C  32.8  18.8  41.2
 E14_S5Q  36.3  19.9  45.3
 E14_S7Q  45.2  24.3  55.1
 E14_S8Q  45.0  24.5  54.7
 E23_S1C  31.3  19.3  39.6
 E23_S6C  22.7  18.8  28.2
 E23_S5Q  27.5  18.9  32.4
 E23_S7Q  35.8  21.8  41.5
 E23_S8Q  36.8  30.5  41.1
 E24_S1C  44.8  27.5  50.1
 E24_S5Q  37.8  21.3  42.8
 E24_S7Q  47.0  29.2  52.3
 E24_S8Q  46.8  29.2  52.0
 E24_S6C  33.5  20.2  38.2
 E26_S1C  32.7  18.8  43.0
 E26_S5Q  30.1  19.6  36.8
 E26_S7Q  35.0  18.8  45.3
 E26_S8Q  38.8  28.6  45.2
 E31_S1C  43.1  24.2  48.2
 E31_S6C  30.6  21.6  34.3
 E31_S5Q  35.7  24.8  39.6
 E31_S7Q  44.9  31.5  48.7
 E31_S8Q  44.8  32.4  48.5
 E33_S1C  40.3  27.8  46.7
 E33_S6C  27.8  18.7  33.5
 E33_S5Q  33.2  21.5  38.4
 E33_S7Q  41.8  24.6  48.1
 E33_S8Q  41.7  24.8  47.6
 E16_S1C  40.1  20.0  50.1
 E16_S7Q  43.4  20.7  52.8
 E16_S8Q  47.2  35.7  52.3
 E16_S5Q  37.5  20.2  43.1
 E16_S6C  33.7  19.0  38.8
 E11_S1C  38.5  18.5  47.2
 E11_S7Q  40.6  19.6  49.1
 E11_S5Q  32.0  18.2  39.5
 E11_S8Q  41.4  26.3  48.7
 E11_S6C  29.3  19.4  35.8
 E25_S1C  39.1  19.5  50.0
 E25_S7Q  42.3  21.1  52.8
 E25_S8Q  44.3  25.0  52.4
 E25_S5Q  34.7  19.4  43.2
 E25_S6C  32.6  19.0  38.8
 E36_S1C  43.3  26.3  47.8
 E36_S7Q  45.5  30.6  50.1
 E36_S8Q  45.8  32.3  49.6
 E36_S5Q  36.7  22.2  40.4
 E36_S6C  31.4  20.6  34.8
 E02_S1C  40.0  18.9  48.0
 E02_S7Q  42.0  19.0  49.8
 E02_S5Q  33.4  18.0  40.3
 E02_S8Q  43.5  26.9  49.4
 E02_S6C  28.5  18.1  34.7
 E18_S1C  43.5  20.4  49.3
 E18_S7Q  46.0  30.3  51.3
 E18_S5Q  36.4  23.0  41.1
 E18_S8Q  47.2  33.0  50.9
 E18_S6C  32.5  19.2  37.1
 E34_S1C  41.4  18.1  50.2
 E34_S7Q  43.4  18.4  52.3
 E34_S8Q  45.2  30.4  51.9
 E34_S5Q  36.2  21.9  42.4
 E34_S6C  32.5  18.5  37.4
 E30_S1C  39.2  19.2  50.2
 E30_S7Q  41.2  20.5  52.7
 E30_S5Q  34.4  19.0  43.2
 E30_S8Q  44.0  23.8  52.4
 E30_S6C  31.5  18.1  38.9
 E03_S1C  41.7  20.3  49.6
 E03_S7Q  44.4  24.7  52.3
 E03_S5Q  35.5  19.8  42.5
 E03_S8Q  45.6  32.6  51.8
 E03_S6C  30.3  18.0  37.1
 E08_S1C  43.5  30.1  48.2
 E08_S7Q  45.9  31.2  50.0
 E08_S5Q  36.6  22.0  40.7
 E08_S8Q  45.8  32.8  49.7
 E08_S6C  32.1  20.0  35.8
 E15_S1C  39.6  20.2  49.9
 E15_S7Q  43.1  22.7  52.5
 E15_S5Q  33.9  20.7  42.7
 E15_S8Q  45.8  30.7  52.2
 E15_S6C  32.3  18.7  37.7
 E13_S1C  38.2  18.5  47.0
 E13_S7Q  40.8  19.0  49.9
 E13_S5Q  33.0  18.6  40.5
 E13_S8Q  43.7  28.9  49.5
 E13_S6C  28.1  18.5  35.3
 E07_S1C  43.1  30.6  50.0
 E07_S7Q  46.1  31.1  53.0
 E07_S8Q  46.8  33.5  52.6
 E07_S5Q  37.7  25.0  43.6
 E07_S6C  34.4  20.8  39.2
 E27_S1C  44.7  32.0  49.5
 E27_S7Q  47.4  32.5  52.3
 E27_S5Q  39.1  30.5  42.8
 E27_S8Q  48.2  40.2  52.1
 E27_S6C  34.4  29.4  37.9
 E29_S1C  44.7  30.1  49.8
 E29_S7Q  47.8  32.2  52.2
 E29_S5Q  39.1  30.4  42.8
 E29_S8Q  48.2  40.5  51.7
 E29_S6C  35.9  32.1  38.0
 E21_S1C  41.8  31.4  45.0
 E21_S7Q  45.1  38.4  49.2
 E21_S5Q  35.5  28.3  39.3
 E21_S8Q  45.0  39.4  48.9
 E21_S6C  32.2  28.5  34.5
 E19_S1C  36.3  31.3  41.1
 E19_S7Q  39.6  34.9  43.9
 E19_S8Q  40.5  36.2  43.6
 E19_S5Q  31.3  26.9  34.2
 G04_S1C  38.2  20.1  45.2
 G04_S1W  23.3   4.1  33.7
 G04_S2W  23.3   4.1  33.7
 G04_S2L  38.9  19.4  45.3
 G04_S5Q  33.6  19.2  39.3
 G04_S1L  39.0  20.1  46.1
 G08_S1C  42.0  18.8  48.7
 G08_S1W  41.1  11.9  51.2
 G08_S2W  41.1  11.9  51.2
 G08_S2L  41.1  21.4  47.2
 G08_S5Q  37.4  21.2  42.9
 G09_S1C  38.4  19.3  48.8
 G09_S1W  35.8  11.4  52.3
 G09_S2W  35.8  11.4  52.3
 G09_S2L  37.7  18.0  46.7
 G09_S5Q  34.4  18.9  42.6
 G16_S1C  42.6  21.1  48.5
 G16_S1W  29.2   3.2  38.6
 G16_S2W  29.2   3.2  38.6
 G18_S1C  37.6  18.9  47.7
 G18_S1W  22.6   2.0  39.2
 G18_S2W  22.6   2.0  39.2
 G18_S2L  38.3  19.8  47.5
 G18_S5Q  33.9  20.9  42.2
 G18_S1L  37.9  20.2  47.9
 G21_S1C  40.1  19.8  47.2
 G21_S1W  29.7   3.6  43.3
 G21_S2W  29.7   3.6  43.3
 G26_S1C  42.2  23.4  47.6
 G26_S1W  40.3  13.2  49.8
 G26_S2W  40.3  13.2  49.8
 G26_S2L  41.2  23.2  46.7
 G26_S5Q  37.9  22.9  43.4
 G27_S1C  42.6  22.7  50.8
 G27_S1W  43.3  10.7  56.1
 G27_S2W  43.3  10.7  56.1
 G27_S2L  41.4  19.6  48.6
 G27_S5Q  39.1  29.2  45.2
 G28_S1C  42.7  26.2  48.7
 G28_S1W  31.1   8.9  41.8
 G28_S2W  31.1   8.9  41.8
 G28_S2L  43.3  30.8  48.9
 G28_S5Q  37.9  26.2  43.2
 G28_S1L  43.0  27.8  48.8
 G31_S1C  44.0  24.0  49.9
 G31_S1W  41.5  11.1  53.2
 G31_S2W  41.5  11.1  53.2
 G31_S2L  41.9  27.0  48.2
 G10_S1C  39.1  18.9  51.2
 G10_S1W  36.4   8.4  54.9
 G10_S2W  36.4   8.4  54.9
 G10_S2L  37.4  19.9  48.0
 G10_S5Q  35.2  20.5  43.8
 G02_S1C  42.9  24.2  49.9
 G02_S1W  32.5   5.3  46.0
 G02_S2W  32.5   5.3  46.0
 G07_S1C  38.1  19.1  48.1
 G07_S1W  31.6   4.3  48.6
 G07_S2W  31.6   4.3  48.6
 G07_S2L  36.1  19.0  45.3
 G01_S1C  42.7  18.8  50.8
 G01_S2L  43.9  24.3  53.0
 G01_S1W  32.5   4.3  48.0
 G01_S2W  32.5   4.3  48.0
 G01_S1L  42.9  19.1  51.2
 G01_S5Q  38.6  22.6  47.4
 G30_S1C  38.2  18.7  45.6
 G30_S1W  33.7   6.5  45.3
 G30_S2W  33.7   6.5  45.3
 G30_S2L  36.4  19.3  43.2
 G30_S5Q  34.3  19.8  40.4
 G03_S1C  43.2  20.0  50.6
 G03_S1W  42.3  14.5  55.3
 G03_S2W  42.3  14.5  55.3
 G03_S2L  41.6  23.1  48.5
 G03_S5Q  38.6  21.8  44.8
 G14_S1C  39.6  22.3  48.8
 G14_S5Q  36.2  20.4  44.9
 G14_S1L  40.1  22.6  49.3
 G14_S1W  27.0   2.2  44.2
 G14_S2W  27.0   2.2  44.2
 G14_S2L  40.8  22.8  50.6
 G17_S1C  44.3  26.2  50.9
 G17_S2L  42.3  21.6  49.3
 G17_S1W  42.8  10.8  55.2
 G17_S2W  42.8  10.8  55.2
 G22_S1C  38.4  20.7  50.3
 G22_S1W  23.4   1.8  43.0
 G22_S2W  23.4   1.8  43.0
 G06_S1C  42.5  27.0  49.3
 G06_S1W  41.7  19.6  53.0
 G06_S2W  41.7  19.6  53.0
 G06_S2L  42.6  30.1  48.6
 G06_S5Q  37.8  22.0  43.0
 G19_S1C  44.0  22.7  51.3
 G19_S1W  34.8   4.1  49.1
 G19_S2W  34.8   4.1  49.1
 G20_S1C  42.8  30.4  48.9
 G20_S1W  29.3   8.5  39.0
 G20_S2W  29.3   8.5  39.0
 G11_S1C  43.9  26.6  50.2
 G11_S1L  44.1  26.9  50.2
 G11_S1W  32.9   2.4  45.8
 G11_S2W  32.9   2.4  45.8
 G11_S2L  44.3  26.1  51.7
 G11_S5Q  39.2  22.6  45.8
 G05_S1C  43.2  26.6  49.9
 G05_S2L  41.0  22.3  46.8
 G05_S1W  40.4  16.4  51.6
 G05_S2W  40.4  16.4  51.6
 G13_S1C  42.5  24.8  50.0
 G13_S1W  29.9   2.8  44.1
 G13_S2W  29.9   2.8  44.1
 G15_S1C  43.3  28.5  48.1
 G15_S1W  39.9  14.9  47.8
 G15_S2W  39.9  14.9  47.8
 G15_S2L  40.5  24.1  45.1
 G29_S1C  39.2  19.6  48.1
 G29_S1W  34.0   8.5  48.7
 G29_S2W  34.0   8.5  48.7
 G29_S2L  36.9  22.1  44.9
 G24_S1C  41.8  21.1  50.9
 G24_S1W  42.7   4.3  56.7
 G24_S2W  42.7   4.3  56.7
 G24_S2L  40.9  20.0  49.2
 G24_S5Q  38.4  19.1  45.6
 G12_S1C  43.0  24.7  49.3
 G12_S1W  39.3   6.1  51.3
 G12_S2W  39.3   6.1  51.3
 G12_S2L  40.1  20.4  46.1
 G23_S1C  43.5  20.8  50.0
 G23_S5Q  39.2  24.6  47.2
 G23_S1L  43.9  22.8  50.4
 G23_S1W  33.6   8.8  47.2
 G23_S2W  33.6   8.8  47.2
 G23_S2L  44.7  31.0  52.6
 G25_S1C  42.9  23.9  50.0
 G25_S1W  41.0   7.2  54.2
 G25_S2W  41.0   7.2  54.2
 G25_S2L  40.6  22.8  47.8
 G25_S5Q  38.5  20.2  44.5
 G32_S1C  45.8  27.0  53.2
 G32_S1W  45.4  10.1  57.7
 G32_S2W  45.4  10.1  57.7
 G32_S2L  43.3  28.4  50.1
 G32_S5Q  37.7  22.5  43.9
 J03_S1C  32.9  20.0  36.8
 J03_S2L  34.7  23.2  38.6
 J03_S5Q  29.3  21.6  32.4
 J03_S1L  33.4  19.6  37.2
 J03_S1Z  34.5  28.6  38.2
 J07_S1Z  32.3  29.1  34.1
 J04_S1C  32.6  21.5  37.7
 J04_S1Z  34.3  29.5  38.8
 J04_S1L  32.9  23.1  37.9
 J04_S2L  33.8  22.7  37.3
 J04_S5Q  30.2  27.7  31.9
 J02_S1L  32.4  23.0  35.8
 J02_S1Z  33.8  28.3  36.8
 J02_S1C  32.5  23.2  35.7
 J02_S2L  33.1  20.1  37.6
 J02_S5Q  27.0  20.1  30.5
 R05_S1C  40.7  19.2  49.8
 R05_S1P  40.9  23.4  49.6
 R05_S2P  40.5  28.2  49.0
 R05_S2C  39.4  20.1  48.8
 R06_S1C  33.7  22.4  41.2
 R06_S1P  33.6  26.5  40.3
 R14_S1C  45.8  21.2  52.6
 R14_S1P  45.8  26.4  52.7
 R14_S2P  43.7  28.7  50.4
 R14_S2C  42.8  20.3  50.4
 R15_S1C  42.3  22.0  49.8
 R15_S1P  41.8  24.4  49.3
 R15_S2P  40.8  27.9  48.4
 R15_S2C  39.9  21.5  47.9
 R16_S1C  44.9  27.4  50.8
 R16_S1P  44.5  26.6  50.6
 R16_S2P  43.3  28.4  48.8
 R16_S2C  43.1  26.5  49.0
 R17_S1C  38.1  19.6  45.9
 R17_S1P  37.9  25.4  45.2
 R17_S2P  37.9  28.2  45.2
 R17_S2C  37.6  20.4  45.2
 R18_S1C  41.5  17.8  49.9
 R18_S1P  41.1  25.7  49.6
 R18_S2P  40.8  30.2  49.0
 R18_S2C  40.7  20.8  49.0
 R19_S1C  35.0  19.6  39.0
 R19_S1P  34.7  25.0  38.0
 R19_S2P  42.1  28.4  46.4
 R19_S2C  40.2  19.5  46.2
 R09_S1C  43.6  24.0  50.5
 R09_S1P  43.4  26.6  50.3
 R09_S2P  44.1  28.2  51.2
 R09_S2C  44.1  22.9  51.0
 R20_S2C  40.4  19.5  47.9
 R20_S1C  31.9  18.7  37.5
 R20_S2P  41.7  29.1  48.2
 R20_S1P  33.5  25.2  37.4
 R21_S1C  40.9  31.5  45.7
 R21_S2P  40.5  28.8  46.2
 R21_S2C  40.0  21.8  45.7
 R21_S1P  40.5  30.4  45.2
 R10_S1C  38.9  19.2  47.4
 R10_S1P  40.7  24.2  46.9
 R04_S1C  40.2  23.5  47.8
 R04_S2C  40.2  23.8  48.1
 R04_S2P  40.9  27.6  48.0
 R04_S1P  42.1  27.6  47.2
 R11_S1C  39.8  20.5  49.1
 R11_S2P  39.6  27.7  48.5
 R11_S2C  38.7  18.7  48.1
 R11_S1P  40.0  25.3  48.6
 R22_S2C  41.8  21.7  48.6
 R22_S1C  43.1  21.6  50.2
 R22_S2P  42.7  27.6  48.6
 R22_S1P  43.5  25.7  50.5
 R07_S2C  40.6  25.4  48.0
 R07_S1C  41.2  24.5  48.3
 R07_S2P  40.8  26.6  48.0
 R07_S1P  40.9  26.2  47.8
 R12_S1C  40.8  20.5  49.1
 R12_S1P  41.0  25.3  49.7
 R12_S2P  39.1  29.4  46.5
 R12_S2C  38.7  18.9  46.5
 R08_S1C  41.5  24.9  46.8
 R08_S2P  41.7  27.8  48.2
 R08_S2C  40.8  22.3  48.0
 R08_S1P  41.2  27.3  46.3
 R26_S1C  46.3  27.1  51.8
 R26_S1P  46.0  29.7  51.8
 R26_S2P  44.1  28.6  51.0
 R26_S2C  44.1  24.0  50.6
 R23_S1C  40.9  26.3  46.3
 R23_S1P  40.4  24.7  46.1
 R01_S1C  38.2  20.3  44.7
 R01_S1P  38.8  25.7  44.0
 R01_S2C  34.7  18.5  41.4
 R01_S2P  35.5  28.7  41.2
 R02_S1C  43.1  27.1  48.2
 R02_S1P  42.8  31.5  47.8
 R02_S2P  41.0  29.2  45.0
 R02_S2C  40.8  27.7  45.5
 R24_S2C  38.9  18.6  46.9
 R24_S1C  41.1  21.0  48.8
 R24_S1P  42.1  25.3  49.0
 R24_S2P  41.2  29.0  47.2
 R13_S1C  39.4  26.0  45.5
 R13_S1P  39.1  27.6  45.0
 R03_S1C  41.9  28.4  48.4
 R03_S2P  42.1  30.3  47.5
 R03_S2C  41.7  28.9  47.2
 R03_S1P  41.8  28.6  47.7
--------------------------
-SAT
